p\a1.jpg 2 541 402 83 58 867 396 61 64
p\a23.jpg 1 218 395 108 74
p\a24.jpg 2 242 250 75 36 380 258 73 59
p\a25.jpg 1 176 428 145 107
p\a26.jpg 1 180 405 125 75
p\a27.jpg 1 209 276 78 43
p\a28.jpg 1 247 276 88 55
p\a29.jpg 1 213 343 105 66
p\a3.jpg 2 191 523 66 59 594 465 60 50
p\a30.jpg 1 206 303 98 52
p\a31.jpg 1 216 306 90 67
p\a32.jpg 1 232 379 74 57
p\a33.jpg 1 229 315 82 49
p\a34.jpg 2 413 363 78 64 696 299 90 76
p\a35.jpg 2 457 454 104 101 684 445 108 90
p\a36.jpg 1 168 390 101 82
p\a37.jpg 1 211 280 62 40
p\a38.jpg 1 209 253 88 74
p\a39.jpg 2 454 369 97 72 718 383 80 63
p\a4.jpg 3 307 414 73 56 711 421 59 46 1027 343 94 80
p\a40.jpg 2 506 407 101 57 896 396 61 34
p\a41.jpg 2 488 382 77 52 761 355 57 43
p\a42.jpg 2 502 372 110 56 869 545 107 98
p\a43.jpg 1 215 311 72 40
p\a44.jpg 2 207 354 68 46 57 404 80 38
p\a45.jpg 2 178 392 76 60 304 332 74 43
p\a46.jpg 3 230 477 86 86 535 481 137 106 891 470 105 83
p\a47.jpg 1 144 628 186 94
p\a48.jpg 2 241 364 55 42 30 361 35 28
p\a49.jpg 1 208 416 70 50
p\a5.jpg 4 207 472 90 70 424 437 63 63 472 508 63 81 914 408 79 66
p\a50.jpg 1 246 321 66 46
p\a51.jpg 1 197 459 121 73
p\a52.jpg 1 219 284 71 56
p\a53.jpg 1 172 448 138 94
p\a54.jpg 1 248 343 67 52
p\a55.jpg 3 214 423 108 63 331 493 50 37 425 464 51 47
p\a56.jpg 1 237 398 87 76
p\a57.jpg 1 214 437 107 85
p\a58.jpg 1 205 390 78 66
p\a59.jpg 1 189 502 92 53
p\a6.jpg 1 196 577 159 139
p\a60.jpg 1 242 327 82 63
p\a61.jpg 1 201 355 73 41
p\a62.jpg 2 207 375 66 42 326 353 35 30
p\a63.jpg 1 572 293 81 62
p\a64.jpg 1 557 355 48 41
p\a65.jpg 1 555 353 47 30
p\a66.jpg 1 235 402 47 30
p\a67.jpg 1 255 387 40 32
p\a68.jpg 2 572 419 77 50 943 415 88 64
p\a69.jpg 1 319 418 30 21
p\a7.jpg 1 271 377 72 50
p\a70.jpg 1 238 366 44 34
p\a71.jpg 1 560 326 59 44
p\a72.jpg 2 341 349 44 33 588 414 55 43
p\a73.jpg 1 215 381 43 25
p\a74.jpg 1 225 355 61 50
p\a75.jpg 2 235 353 49 50 355 378 40 31
p\a76.jpg 1 215 349 74 51
p\a77.jpg 1 227 390 89 69
p\a78.jpg 1 210 385 92 52
p\a79.jpg 1 219 353 93 66
p\a8.jpg 1 195 466 105 77
p\a80.jpg 1 203 392 65 43
p\a81.jpg 2 222 309 52 46 402 353 53 34
p\a82.jpg 1 186 299 78 54
p\a83.jpg 1 241 369 55 47
p\a84.jpg 1 240 325 75 56
p\a85.jpg 1 185 306 113 77
p\a86.jpg 2 197 389 50 53 423 382 45 41
p\a87.jpg 1 600 389 57 47
p\a88.jpg 1 516 369 39 33
p\a89.jpg 1 631 383 53 47
p\a9.jpg 1 242 369 88 60
p\a90.jpg 2 633 332 46 47 518 373 40 32
p\a91.jpg 2 384 351 65 41 754 319 35 49
p\a92.jpg 1 653 367 50 52
p\a93.jpg 1 599 373 52 47
p\a94.jpg 3 487 413 56 41 640 362 48 35 872 353 38 42
p\a95.jpg 1 649 352 39 42
p\a96.jpg 3 595 380 62 37 859 308 67 68 1065 256 36 44
p\a97.jpg 3 401 357 52 35 657 431 47 43 839 297 47 32
p\a98.jpg 1 658 327 43 41
p\a99.jpg 1 668 338 48 35
p\a10.jpg 1 94 360 195 106
p\a100.jpg 1 586 373 58 44
p\a101.jpg 3 498 379 31 33 432 406 33 25 756 418 35 36
p\a102.jpg 2 523 356 29 34 712 347 35 26
p\a103.jpg 1 532 374 59 47
p\a104.jpg 1 605 323 50 49
p\a105.jpg 1 609 363 49 38
p\a106.jpg 2 381 371 62 53 927 381 42 37
p\a107.jpg 1 593 355 48 49
p\a108.jpg 2 660 361 45 42 529 372 31 28
p\a109.jpg 1 515 420 57 36
p\a11.jpg 1 228 318 60 50
p\a110.jpg 2 291 359 65 57 189 389 71 49
p\a111.jpg 1 174 320 92 66
p\a112.jpg 2 131 392 73 33 357 340 60 37
p\a113.jpg 1 223 507 172 101
p\a114.jpg 1 220 280 82 67
p\a115.jpg 1 198 293 98 61
p\a116.jpg 1 270 345 70 77
p\a117.jpg 2 125 396 81 35 353 304 51 54
p\a118.jpg 1 329 343 86 58
p\a119.jpg 1 270 365 74 56
p\a12.jpg 2 218 284 65 59 54 241 65 43
p\a120.jpg 1 210 321 89 81
p\a121.jpg 2 127 387 68 33 357 351 38 37
p\a122.jpg 1 149 317 87 72
p\a123.jpg 1 202 287 80 62
p\a124.jpg 1 223 344 70 68
p\a125.jpg 1 192 528 140 108
p\a126.jpg 1 229 266 60 38
p\a127.jpg 1 229 286 57 44
p\a128.jpg 1 169 331 103 66
p\a129.jpg 2 209 342 62 45 364 313 60 57
p\a13.jpg 1 204 327 100 67
p\a130.jpg 1 178 356 125 91
p\a131.jpg 1 256 303 38 55
p\a132.jpg 1 223 444 106 88
p\a133.jpg 1 289 211 58 50
p\a134.jpg 1 617 262 68 57
p\a135.jpg 1 303 325 72 51
p\a136.jpg 1 271 267 45 36
p\a137.jpg 1 236 308 52 45
p\a138.jpg 1 255 299 73 48
p\a139.jpg 1 216 367 66 58
p\a14.jpg 1 203 335 69 54
p\a140.jpg 1 236 326 70 43
p\a141.jpg 1 273 348 55 39
p\a142.jpg 1 291 289 41 29
p\a143.jpg 2 225 341 52 43 88 311 38 34
p\a144.jpg 1 271 336 50 43
p\a145.jpg 1 243 263 85 49
p\a146.jpg 2 184 280 57 54 408 280 41 34
p\a147.jpg 1 288 289 50 45
p\a148.jpg 1 268 345 85 53
p\a149.jpg 1 211 296 60 30
p\a15.jpg 3 70 359 68 39 271 458 70 57 410 389 62 49
p\a150.jpg 1 238 335 77 58
p\a151.jpg 1 237 386 59 54
p\a152.jpg 1 193 327 78 64
p\a153.jpg 1 233 357 66 52
p\a154.jpg 2 241 419 37 35 186 393 31 30
p\a155.jpg 3 415 369 53 48 553 492 87 57 919 509 90 82
p\a156.jpg 3 516 472 73 52 661 426 45 41 858 400 81 66
p\a157.jpg 4 534 372 57 41 674 362 47 41 841 311 60 42 1016 368 54 46
p\a158.jpg 2 414 378 78 53 592 429 74 54
p\a159.jpg 3 392 364 64 54 482 424 78 67 635 366 70 66
p\a16.jpg 1 210 402 71 33
p\a160.jpg 3 269 466 83 62 483 502 90 60 811 428 79 68
p\a161.jpg 2 342 407 110 99 695 447 121 82
p\a162.jpg 1 552 440 116 63
p\a163.jpg 3 281 339 88 78 631 270 94 75 872 357 46 33
p\a164.jpg 3 289 320 92 54 488 366 83 50 765 415 89 56
p\a165.jpg 2 388 358 67 36 555 373 68 47
p\a166.jpg 3 89 398 55 39 331 442 43 37 656 445 45 33
p\a167.jpg 1 201 337 66 47
p\a168.jpg 1 258 351 94 63
p\a169.jpg 1 233 301 78 48
p\a17.jpg 1 203 373 73 42
p\a170.jpg 1 201 358 88 60
p\a171.jpg 1 491 490 144 109
p\a172.jpg 1 528 482 86 71
p\a173.jpg 2 511 376 105 73 196 375 81 53
p\a174.jpg 2 476 335 75 50 194 403 82 46
p\a175.jpg 1 244 331 64 54
p\a176.jpg 1 217 282 81 59
p\a177.jpg 2 346 298 78 57 186 328 82 59
p\a178.jpg 1 264 261 90 57
p\a179.jpg 1 228 270 75 63
p\a18.jpg 1 102 423 138 122
p\a180.jpg 1 488 390 77 55
p\a181.jpg 3 693 318 65 44 815 355 66 50 557 294 63 40
p\a182.jpg 2 222 380 61 42 327 406 57 51
p\a183.jpg 2 245 310 75 63 106 348 51 48
p\a184.jpg 1 516 461 113 81
p\a185.jpg 1 213 321 96 56
p\a186.jpg 1 555 351 73 41
p\a187.jpg 1 184 451 167 145
p\a188.jpg 1 199 360 85 69
p\a189.jpg 1 515 386 121 66
p\a19.jpg 1 219 336 60 57
p\a190.jpg 5 200 379 59 37 275 388 40 30 330 372 51 41 526 398 43 32 616 390 49 37
p\a191.jpg 2 581 483 127 94 935 559 144 85
p\a192.jpg 5 92 443 59 31 239 382 58 36 523 349 69 56 647 400 67 35 840 359 64 36
p\a193.jpg 1 180 440 131 97
p\a194.jpg 1 227 326 79 66
p\a195.jpg 4 37 474 94 70 195 429 100 66 427 553 165 97 696 465 138 94
p\a196.jpg 1 218 338 67 57
p\a197.jpg 2 479 491 107 72 741 428 97 68
p\a198.jpg 1 224 392 85 48
p\a199.jpg 1 228 325 85 53
p\a2.jpg 5 89 368 54 36 325 445 56 46 490 440 64 65 623 381 51 46 712 383 62 40
p\a20.jpg 1 217 319 87 68
p\a200.jpg 1 235 287 68 52
p\a201.jpg 1 196 311 93 68
p\a202.jpg 1 200 399 84 65
p\a203.jpg 1 213 361 74 58
p\a204.jpg 2 242 444 114 95 723 466 148 91
p\a205.jpg 2 402 328 89 67 759 351 76 55
p\a206.jpg 3 357 388 59 38 568 370 77 54 755 341 54 45
p\a207.jpg 1 242 245 83 56
p\a208.jpg 2 231 331 68 57 48 364 53 35
p\a209.jpg 3 310 311 89 59 531 469 68 62 768 253 85 72
p\a21.jpg 1 220 346 88 42
p\a210.jpg 4 333 411 68 55 209 370 55 49 581 366 70 61 941 410 81 51
p\a211.jpg 1 214 342 68 43
p\a212.jpg 4 147 385 63 59 384 388 65 39 515 390 69 69 738 388 73 50
p\a213.jpg 1 190 403 81 52
p\a214.jpg 2 553 424 64 38 735 364 76 48
p\a215.jpg 3 537 318 81 69 707 311 48 54 413 247 77 55
p\a216.jpg 1 118 170 48 28
p\a217.jpg 1 216 326 73 58
p\a218.jpg 2 282 266 77 55 550 292 76 58
p\a219.jpg 1 234 293 114 77
p\a22.jpg 1 214 286 71 39
p\a220.jpg 1 223 307 87 56
p\a221.jpg 1 216 398 63 39
p\a222.jpg 1 269 340 50 40
p\a223.jpg 1 218 338 66 47
p\a224.jpg 1 231 381 71 36
p\a225.jpg 1 243 422 103 97
p\s1.jpg 3 285 346 61 56 501 367 67 56 710 335 54 59
p\s10.jpg 1 240 363 91 67
p\s11.jpg 3 174 373 89 78 317 431 78 64 813 371 107 69
p\s12.jpg 2 220 364 67 48 58 317 58 50
p\s13.jpg 1 208 306 80 58
p\s14.jpg 1 225 305 85 54
p\s15.jpg 2 125 405 83 55 369 386 78 64
p\s16.jpg 1 492 395 132 111
p\s17.jpg 3 107 349 74 45 371 320 65 49 520 368 91 55
p\s18.jpg 3 512 335 80 66 637 349 54 64 248 404 99 72
p\s19.jpg 1 224 355 63 58
p\s2.jpg 1 236 372 49 49
p\s20.jpg 1 215 321 97 73
p\s21.jpg 1 282 373 121 81
p\s22.jpg 1 108 188 65 50
p\s23.jpg 1 258 377 85 76
p\s24.jpg 1 218 348 104 75
p\s25.jpg 1 217 504 164 155
p\s26.jpg 1 216 354 107 90
p\s27.jpg 1 211 345 106 94
p\s28.jpg 1 260 289 65 54
p\s29.jpg 1 223 374 97 88
p\s3.jpg 1 209 308 77 79
p\s30.jpg 1 221 379 74 70
p\s4.jpg 1 206 348 80 61
p\s5.jpg 1 217 324 87 62
p\s6.jpg 3 490 367 98 77 697 352 103 83 829 287 104 71
p\s7.jpg 4 508 354 86 70 664 325 71 82 809 345 82 62 415 368 84 60
p\s8.jpg 1 239 331 80 69
p\s9.jpg 4 302 522 136 100 67 536 140 86 501 548 141 122 778 514 128 97
p\315443452_144973361619678_1494127801361067986_n.jpg 1 451 568 102 89
p\315455133_144973498286331_906520396923503756_n.jpg 2 224 601 71 55 389 579 65 53
p\315552743_144973181619696_5190928380942165766_n.jpg 1 207 380 75 49
p\315560524_144973468286334_8398697548247753455_n.jpg 2 190 438 55 49 574 557 89 59
p\317075381_148842534566094_6408769911929224386_n.jpg 1 148 619 168 101
p\317258612_148867834563564_5603679049016246931_n.jpg 1 225 481 116 77
p\317262976_148841877899493_1178374362675529461_n.jpg 2 290 542 134 123 736 520 147 95
p\317279518_148843167899364_2510294064852265028_n.jpg 1 175 382 136 129
p\337504169_1271431773787624_800548252291747433_n.jpg 1 205 351 64 42
p\338027060_3123880921246083_4743155117405618601_n.jpg 1 221 361 66 49
p\338172965_1441399133335812_2896403960847455113_n.jpg 1 264 240 63 35
p\338187824_128863340153905_8237320871980721094_n.jpg 2 197 290 66 49 129 333 49 26
p\393128438_159674860554354_9098387456004833737_n.jpg 2 368 481 155 106 680 455 137 71
p\393190131_159689940552846_8307930839522120312_n.jpg 1 682 404 117 84
p\397610344_10225281635087303_819174180176232105_n.jpg 1 209 349 158 148
p\423556839_324225180618993_2671027750333691570_n.jpg 1 208 382 130 82
p\423584031_324225993952245_5952019483191514028_n.jpg 1 217 427 108 68
p\425472602_324227043952140_4067407704742448308_n.jpg 1 532 524 183 136
p\425805647_918099610160731_4199376300842629366_n.jpg 2 341 454 67 51 489 412 57 41
p\386363453_642950234656344_9006883644818097510_n.jpg 2 116 287 84 47 312 311 73 46
p\386379783_642947264656641_6021141392562373065_n.jpg 1 180 252 95 63
p\386516285_642946864656681_4719354523361589257_n.jpg 1 184 259 85 50
p\386644413_642949171323117_6467314046397873532_n.jpg 1 238 283 73 54
p\387813947_642947034656664_3332635184220164124_n.jpg 1 213 352 102 53
p\393297268_651062627178438_3173375727320113995_n.jpg 1 211 326 68 57
p\393365192_651061297178571_5366504445437586657_n.jpg 1 158 418 112 81
p\393391901_651059897178711_8405763725442337151_n.jpg 1 185 445 129 90
p\394600805_651059050512129_8634788132147719456_n.jpg 1 212 372 114 99
p\398472026_658581526426548_6236668453167582028_n.jpg 1 166 346 100 75
p\398523271_658583213093046_7379368232047324968_n.jpg 1 216 434 99 66
p\398582437_658585236426177_6350769432388695941_n.jpg 1 204 398 104 86
p\398713071_658581826426518_6709304033268839208_n.jpg 1 235 293 90 73
p\405112059_669260488691985_1972777084857776777_n.jpg 1 205 326 69 66
p\405266340_672893858328648_6213476727448813535_n.jpg 1 168 322 81 65
p\405282440_672894814995219_2576594373164145254_n.jpg 1 211 368 86 57
p\405293364_669261602025207_2395301062214893337_n.jpg 1 208 318 48 52
p\405397970_669262412025126_1598446151359972675_n.jpg 1 222 239 72 60
p\405458943_672894054995295_4901368540907586382_n.jpg 1 236 318 72 61
p\410243599_680414114243289_5798413575259859269_n.jpg 1 233 252 83 59
p\410247159_680413860909981_587150053186268327_n.jpg 1 249 282 80 61
p\411500956_680413297576704_4339510703279809242_n.jpg 1 238 321 70 48
p\411740383_680413364243364_1082965719617245032_n.jpg 1 192 261 109 66
p\419870841_696746695943364_5435653848866343947_n.jpg 1 185 391 101 75
p\420871094_700188385599195_2639386478993488253_n.jpg 1 203 370 114 82
p\371824816_624626229822078_4445906797526563648_n.jpg 1 129 348 94 88
p\371908760_624630899821611_7214885036439378211_n.jpg 1 227 280 88 73
p\372755618_624626166488751_5653583571205043131_n.jpg 1 192 268 81 55
p\373564675_624626789822022_1110261550523534196_n.jpg 1 250 272 74 55
p\376022994_628320566119311_7686496891132236590_n.jpg 1 110 261 81 60
p\376775243_628320416119326_7204477778056466362_n.jpg 1 192 328 107 71
p\379611035_632671045684263_2113585688653239486_n.jpg 1 204 329 71 50
p\379646180_632668455684522_7845809736797161319_n.jpg 1 239 289 78 68
p\379779128_632668482351186_842344855448646631_n.jpg 1 208 321 85 49
p\379867877_632669245684443_7841634255785860829_n.jpg 2 131 330 72 45 325 292 66 49
p\380944885_635850005366367_276461934022568345_n.jpg 1 230 330 80 59
p\381817813_635900955361272_1014740939859739731_n.jpg 1 188 282 102 108
p\382401618_635850595366308_3368361474399461480_n.jpg 1 206 284 73 60
p\382993434_635901078694593_4754099107425947527_n.jpg 4 137 454 126 87 365 444 126 92 619 459 124 97 806 457 113 86
p\386508212_643089411309093_5363490286974525129_n.jpg 1 215 364 111 80
p\387123766_643089144642453_1003300738232566800_n.jpg 1 135 306 107 77
p\387707989_643091484642219_3190717866205898613_n.jpg 1 167 341 87 62
p\395461172_655021386782562_7365752451535149642_n.jpg 1 204 305 82 46
p\395461172_655023186782382_2316558830300061860_n.jpg 2 167 236 71 55 332 323 70 42
p\395467563_655022043449163_6087813810532109154_n.jpg 1 240 306 83 54
p\395549711_655023686782332_2429015225876297816_n.jpg 1 239 309 110 74
p\13925751_1091158904296083_7975219669155607298_o.jpg 2 225 395 64 51 362 374 59 54
p\14047358_1098526990225941_2796818941170018771_o.jpg 1 216 397 58 43
p\15578190_1215087231903249_6858687817565467583_o.jpg 1 152 380 78 75
p\318109532_486693563557218_137509794462512057_n.jpg 1 269 497 101 77
p\318122289_486692916890616_7897886740653774551_n.jpg 1 223 447 113 57
p\318190247_486692920223949_4632960477266481115_n.jpg 1 246 277 78 67
p\318220809_486698293556745_5535298830697971325_n.jpg 1 266 441 97 66
p\318321633_486699616889946_8126886929064101542_n.jpg 1 93 520 163 103
p\318337847_486696690223572_5889258439463487006_n.jpg 1 267 293 70 50
p\328861859_1342809726481487_9126260883627360562_n.jpg 1 192 496 113 96
p\328993857_6323009701056435_7204650689729018819_n.jpg 1 184 446 92 76
p\329121096_572687681399916_3164374477208395115_n.jpg 2 23 425 62 50 303 430 67 53
p\329152295_3417365958532966_7418591347909498508_n.jpg 2 100 435 82 75 306 463 87 64
p\330484694_533878598733268_434256684269037012_n.jpg 1 228 361 70 44
p\334128290_1866558310378045_1432442996588215352_n.jpg 1 185 463 121 79
p\334286442_901061277876482_20871382527483758_n.jpg 1 204 533 100 65
p\334537318_1304657220265673_3277356053054351445_n.jpg 1 169 430 164 78
p\334546752_234808968968840_6230746632280699512_n.jpg 1 220 380 59 43
p\348428013_640077151347046_4723659254524469638_n.jpg 4 144 407 82 66 375 421 74 70 537 473 84 46 846 437 69 58
p\348449456_102622802846755_210882116200402138_n.jpg 1 114 387 88 69
p\348460321_1294651798146723_9164264576938233124_n.jpg 3 187 484 98 64 482 489 89 60 778 450 87 65
p\348491062_789703722724201_2449418561197721793_n.jpg 1 204 251 67 49
p\348557916_1310052676530083_2992141342083720561_n.jpg 1 226 333 71 56
p\348560782_1281907769122639_2652592613358251031_n.jpg 1 166 292 83 47
p\370603696_955110039013051_2931933231719790645_n.jpg 1 234 393 72 49
p\370928928_955149065675815_2365103224856161986_n.jpg 1 225 327 59 41
p\371332357_955110582346330_2323361287888643660_n.jpg 1 200 531 133 92
p\371339824_955934065597315_4709442352890385626_n.jpg 1 226 383 70 44
p\371423136_955109929013062_8885339662023928223_n.jpg 1 250 370 81 58
p\371536296_955934182263970_3625048046328964399_n.jpg 1 220 302 83 51
p\371909685_955933122264076_8608017539104675140_n.jpg 1 214 501 114 89
p\371920230_955933828930672_8419256066310342207_n.jpg 1 212 348 90 52
p\371952272_955110669012988_6488518383529429122_n.jpg 1 250 371 74 44
p\379532562_965624381294950_454189831152777967_n.jpg 1 175 477 141 72
p\379536704_965620237962031_7874261944094763514_n.jpg 1 211 392 89 60
p\379721961_965620781295310_1376542765257985769_n.jpg 1 190 393 90 43
p\391649784_982163709641017_6085374980810974293_n.jpg 1 211 391 79 51
p\392943443_982157832974938_1408784215593207973_n.jpg 2 128 393 73 58 365 265 58 43
p\392949270_982152199642168_424423159699370545_n.jpg 1 238 432 111 67
p\393015189_982151562975565_2801070938104866382_n.jpg 2 142 332 66 43 301 335 67 40
p\393234529_982152649642123_1993236808906229629_n.jpg 1 218 538 128 55
p\393256893_982156446308410_8275593247473376971_n.jpg 3 84 409 44 30 229 417 55 34 384 432 57 34
p\393445601_982070719650316_1746449093929410743_n.jpg 1 215 337 80 63
p\393460855_982071006316954_7473686977206347032_n.jpg 1 195 529 120 81
p\393631459_982071059650282_1734563949331802767_n.jpg 1 196 327 72 48
p\393726514_982151826308872_114468771383184180_n.jpg 2 134 456 87 52 351 439 79 51
p\394256005_985250102665711_5270439124519250509_n.jpg 1 171 420 101 37
p\394530316_985241085999946_2852162725769929906_n.jpg 1 235 321 70 54
p\404611089_1003700500820671_6870955632474357441_n.jpg 1 417 390 147 103
p\405242410_1005828603941194_8065796696901807798_n.jpg 2 209 300 80 64 442 169 60 43
p\405246259_1005357433988311_2165082994862334733_n.jpg 1 217 355 92 56
p\405251080_1005828127274575_4470040071359069342_n.jpg 2 210 367 87 44 399 319 68 48
p\405363944_1005817013942353_8587364553451646082_n.jpg 1 222 362 79 45
p\406763593_695958652630707_3550903323975559912_n.jpg 1 230 452 108 59
p\406763613_695959365963969_5593080964505131746_n.jpg 2 90 488 100 78 276 471 87 63
p\406795405_695958845964021_4120054530005855974_n.jpg 1 224 394 75 53
p\406808540_695960199297219_193181937718562570_n.jpg 5 105 407 86 72 270 353 91 57 457 379 85 49 632 325 71 52 912 297 73 63
p\406843119_695958955964010_229129463487772683_n.jpg 4 170 535 82 52 396 295 85 56 577 459 83 53 765 291 89 54
p\406850429_695959182630654_3344604862226439147_n.jpg 1 347 523 148 89
p\411950798_1015759612948093_1400144739046475802_n.jpg 1 240 264 80 73
p\411975738_1015758339614887_2491515846329357750_n.jpg 1 228 343 62 53
p\421691092_1038979870626067_5840737264008321033_n.jpg 1 229 287 82 64
p\422723629_1038979277292793_4109756572044121532_n.jpg 1 241 301 75 55
p\424550103_1038980187292702_5108040525622735569_n.jpg 1 258 323 77 50
p\FB_IMG_1707544387480.jpg 1 246 362 87 66
p\FB_IMG_1707544390958.jpg 1 344 334 102 72
p\FB_IMG_1707544392715.jpg 1 33 332 67 51
p\FB_IMG_1707544402824.jpg 1 312 407 107 61
p\FB_IMG_1707544404715.jpg 1 307 429 86 58
p\FB_IMG_1707544406536.jpg 1 224 292 73 62
p\FB_IMG_1707544408314.jpg 2 63 425 76 49 418 368 83 52
p\FB_IMG_1707544409984.jpg 1 261 354 73 62
p\FB_IMG_1707544412587.jpg 1 296 392 94 66
p\FB_IMG_1707544419505.jpg 1 142 419 92 68
p\FB_IMG_1707544423471.jpg 1 233 344 73 51
p\FB_IMG_1707544425070.jpg 1 257 353 71 48
p\FB_IMG_1707544434436.jpg 1 243 337 68 43
p\FB_IMG_1707544436303.jpg 1 315 485 78 58
p\FB_IMG_1707544438175.jpg 1 229 323 82 53
p\FB_IMG_1707544441246.jpg 1 213 345 92 49
p\FB_IMG_1707544444286.jpg 1 224 390 77 52
p\FB_IMG_1707544446251.jpg 1 205 349 75 62
p\FB_IMG_1707544450732.jpg 1 287 336 85 53
p\FB_IMG_1707544459729.jpg 1 258 342 58 69
p\FB_IMG_1707544462011.jpg 1 305 486 70 69
p\FB_IMG_1707544464232.jpg 1 217 290 70 56
p\FB_IMG_1707544467697.jpg 1 167 472 59 71
p\FB_IMG_1707544469691.jpg 1 166 387 77 58
p\FB_IMG_1707544471637.jpg 1 271 373 77 42
p\FB_IMG_1707544475794.jpg 1 208 340 57 43
p\FB_IMG_1707544478399.jpg 1 176 380 75 68
p\FB_IMG_1707544483286.jpg 1 186 380 77 47
p\FB_IMG_1707544484950.jpg 1 247 347 65 49
p\FB_IMG_1707544486839.jpg 1 201 250 79 50
p\FB_IMG_1707544488410.jpg 1 180 313 79 49
p\FB_IMG_1707544489937.jpg 1 200 370 60 37
p\FB_IMG_1707544492191.jpg 1 278 375 70 54
p\FB_IMG_1707544494014.jpg 1 295 508 42 59
p\FB_IMG_1707544541457.jpg 2 105 537 130 82 240 580 74 92
p\FB_IMG_1707544548913.jpg 2 134 365 106 59 252 395 61 58
p\391631906_665712755655297_7913964375018387294_n.jpg 1 187 451 96 94
p\391680504_666027368957169_7656129247297134089_n.jpg 1 155 461 121 84
p\391687786_666027948957111_1698177256105413206_n.jpg 1 253 414 98 71
p\391715652_666027858957120_387781283447898336_n.jpg 1 246 399 74 59
p\392826769_666030808956825_5232850263361247712_n.jpg 1 177 425 115 81
p\392876217_666027682290471_3714279447190401092_n.jpg 1 127 247 60 52
p\392881027_666029548956951_79243780870009719_n.jpg 1 224 471 101 85
p\393220799_665716732321566_4184701919031248708_n.jpg 2 168 437 97 82 387 339 80 47
p\56913404_1232877290197047_8457913881505824768_n.jpg 2 588 569 134 75 978 587 136 93
p\57080016_1232881963529913_5257787191534288896_n.jpg 1 65 444 110 57
p\57080030_1232877896863653_5494858876488515584_n.jpg 2 221 522 56 45 440 383 44 29
p\57154524_1232877720197004_8952655656867856384_n.jpg 3 272 411 88 64 744 552 127 56 517 236 51 33
p\57303939_1232878906863552_3976515137656848384_n.jpg 3 308 427 77 46 654 515 107 58 154 410 69 30
p\57462838_1246210282197081_2430006072744869888_n.jpg 2 260 409 66 58 455 380 49 44
p\58876468_1246215352196574_2200305225980444672_n.jpg 3 230 454 66 50 88 426 47 33 450 368 59 51
p\59386778_1246210375530405_3808009182494326784_n.jpg 3 233 437 47 32 410 376 42 32 64 393 40 34
p\59407135_1246211622196947_7797991520820264960_n.jpg 1 272 383 51 43
p\59426312_1246212515530191_7053366469412782080_n.jpg 1 212 529 104 66
p\69779585_1341770879307687_4168496765584015360_n.jpg 1 281 372 70 54
p\69981287_1341772299307545_6842269247721177088_n.jpg 1 290 553 110 65
p\70337367_1341764329308342_5772737037132103680_n.jpg 1 216 513 111 76
p\70775300_1341770645974377_2158062139565146112_n.jpg 1 206 435 47 29
p\70853569_1341769832641125_5222888297331687424_n.jpg 1 187 491 97 82
p\77403219_1422347007916740_4654183504345563136_n.jpg 1 191 447 107 76
p\78653394_1422347861249988_7748238147216998400_n.jpg 1 211 482 117 89
p\78960003_1422347581250016_3992615965027205120_n.jpg 1 172 552 97 76
p\79460232_1437591476392293_28033350325239808_n.jpg 1 251 380 92 62
p\79531818_1437546999730074_1218694165626355712_n.jpg 1 177 294 76 54
p\79592831_1437546736396767_6684318458156417024_n.jpg 1 216 315 60 52
p\79835485_1422346987916742_5946032082693128192_n.jpg 1 204 409 75 56
p\80069209_1437546203063487_3746719393590018048_n.jpg 1 255 378 91 61
p\426269607_787485483415809_2450558730863940904_n.jpg 3 258 367 53 39 432 335 48 31 64 360 40 29
p\426283538_363833216595448_8651440238041804164_n.jpg 2 59 376 69 39 220 399 71 48
p\426328319_363824343263002_7899190745152629195_n.jpg 1 214 395 62 41
p\426328339_363829553262481_7986438338028533747_n.jpg 1 266 352 69 51
p\426331001_363834516595318_714833618980354029_n.jpg 1 227 376 74 52
p\426331031_363833249928778_4332102924061421336_n.jpg 2 236 370 57 55 424 406 72 52
p\426724150_787474543416903_5862110735514079857_n.jpg 1 242 417 56 40
p\427035532_787505766747114_7898987837182487321_n.jpg 2 124 369 54 38 305 367 62 37
p\427120126_787473980083626_8208862590668354038_n.jpg 1 242 401 57 41
p\427128459_787460976751593_5705994683182797409_n.jpg 2 206 376 51 36 375 368 55 48
p\427133426_787507443413613_7629188811193082966_n.jpg 1 236 368 61 32
p\427152652_787505293413828_2987162938018301418_n.jpg 1 228 335 63 41
p\427167992_787481996749491_6080861089024051742_n.jpg 1 251 366 71 41
p\427436715_787455523418805_4425645041823616413_n.jpg 2 215 406 50 47 426 403 55 31
p\427467457_363830806595689_1727852395540668815_n.jpg 1 191 315 109 78
p\427483418_787483723415985_544609214462311337_n.jpg 1 234 342 73 55
p\427496363_363822413263195_2573997705786326900_n.jpg 1 170 295 61 42
p\427550226_363833683262068_1569688542080393458_n.jpg 1 252 332 77 63
p\427661213_363826499929453_4838396246729752637_n.jpg 1 223 343 59 52
p\427887331_363829033262533_6047920751915101381_n.jpg 2 240 383 58 47 0 391 52 41
p\427887813_363829076595862_6880270550597265226_n.jpg 3 222 393 64 52 22 369 77 57 440 394 66 51
p\427892322_363834329928670_8006397257325827456_n.jpg 1 267 343 67 44
p\427894095_363834446595325_20788183330261294_n.jpg 1 247 316 53 35
p\427894291_363833629928740_242208577481577304_n.jpg 1 210 312 98 54
p\427894418_363813246597445_810499347412575096_n.jpg 1 243 416 96 65
p\427897833_363834549928648_3341182337420866180_n.jpg 1 211 324 73 59
p\427898332_363832303262206_5617885291107127322_n.jpg 1 148 354 83 57
p\427900214_363833736595396_5889879815839131314_n.jpg 1 248 326 63 33
p\427903650_363831336595636_5533122000195477793_n.jpg 1 267 277 56 40
p\427904513_363818386596931_3022300171658071017_n.jpg 1 189 325 71 62
p\427909133_363808849931218_6618424075468113610_n.jpg 1 200 334 57 58
p\427914579_787457890085235_8301365223238649582_n.jpg 1 183 364 82 33
p\427915326_787504370080587_3281580857613782773_n.jpg 1 215 379 62 49
p\427918628_787466256751065_3642006710672451380_n.jpg 1 232 371 66 46
p\427919558_787457806751910_6257957893621475768_n.jpg 1 249 351 64 48
p\427919566_363814276597342_5591106683345568643_n.jpg 1 204 443 113 74
p\427923097_787462846751406_3256485826304928395_n.jpg 1 223 374 59 45
p\427923678_787456620085362_2754376482133546123_n.jpg 1 226 370 66 44
p\427923849_363825713262865_2052502286062059870_n.jpg 1 214 480 124 76
p\427931233_787464966751194_732127856869207078_n.jpg 2 222 353 53 36 166 381 43 26
p\427934604_787458133418544_112149698030328296_n.jpg 2 153 391 56 29 306 378 54 37
p\427936294_787465863417771_8090756052321049335_n.jpg 1 235 344 63 47
p\427941888_787475746750116_6716120864484867764_n.jpg 2 181 418 60 42 323 401 51 36
p\427942132_787456206752070_6599801208461700840_n.jpg 1 228 376 66 48
p\427942158_363824023263034_2488096175217520327_n.jpg 1 158 393 75 50
p\427942322_787463530084671_2972444541704127408_n.jpg 1 226 364 71 47
p\427945417_787504430080581_7086799094148227771_n.jpg 1 257 358 70 37
p\427952928_787487370082287_828488661457401381_n.jpg 2 158 364 59 40 324 356 60 38
p\427956274_787508370080187_6347151995269753214_n.jpg 1 232 342 73 49
p\427957481_363834449928658_5496812777480318412_n.jpg 1 212 319 59 47
p\427967224_787459883418369_7617182006839592226_n.jpg 1 272 303 60 45
p\351489362_1435436193953921_7764821290243093542_n.jpg 2 245 360 60 54 14 262 40 24
p\352008394_5695592200542826_404805471857927648_n.jpg 2 85 307 63 51 273 368 65 46
p\370695560_955330582324330_8643688498269352188_n.jpg 1 213 307 93 63
p\371070914_955329632324425_3407996628904431794_n.jpg 1 104 234 76 55
p\371327252_955330742324314_3367090341615473430_n.jpg 1 233 343 85 59
p\371332952_955330658990989_7318210684189475298_n.jpg 1 182 504 139 74
p\371362315_955329898991065_8718212353689649570_n.jpg 1 261 308 74 62
p\371786483_955351005655621_1473269555155136531_n.jpg 1 117 173 46 32
p\371857473_955330542324334_6605233391414363720_n.jpg 1 243 323 100 67
p\371890752_955349262322462_634749869687667202_n.jpg 1 265 319 79 57
p\371927316_955329642324424_704307562998190749_n.jpg 1 220 297 76 61
p\372621043_955349948989060_2909639995395934440_n.jpg 1 293 360 95 50
p\381403777_244346348606877_3209676372561963767_n.jpg 1 244 375 79 43
p\381446414_244346841940161_4239551412059503882_n.jpg 1 207 347 75 50
p\381493920_244346885273490_5061512573399786210_n.jpg 1 254 318 71 45
p\381532456_244346268606885_5816992691065028003_n.jpg 1 249 366 72 44
p\382173424_244346231940222_4569913183150507178_n.jpg 2 261 248 74 42 106 248 70 45
p\383206800_973013663889355_7874180668287166026_n.jpg 1 239 374 81 50
p\383217933_973014067222648_5110264475104268398_n.jpg 1 177 330 88 69
p\384413068_973014627222592_4840454054098501474_n.jpg 2 125 353 74 63 289 368 85 50
p\384753834_973013937222661_8976967181649488195_n.jpg 1 255 337 80 55
p\384766851_973014623889259_7311613589462286928_n.jpg 2 185 377 77 52 273 347 86 64
p\384787319_973014543889267_5278948035072509576_n.jpg 1 436 291 86 71
p\384810000_973015227222532_4645056727668520864_n.jpg 1 283 216 88 80
p\384812898_973014280555960_4820502798345849418_n.jpg 1 358 300 83 50
p\385089601_973013710556017_2966786202081161440_n.jpg 1 237 335 102 57
p\385739875_973014103889311_8237150920950912233_n.jpg 1 243 324 100 87
p\386038325_973014237222631_3796577957075770125_n.jpg 1 230 319 77 55
p\391504384_979304403260281_5562536593454304526_n.jpg 1 224 434 149 92
p\391514909_979991726524882_1664386339123220249_n.jpg 3 324 322 69 43 243 343 68 39 90 322 56 38
p\391519068_979303333260388_6708754616561648064_n.jpg 1 232 421 127 92
p\391539954_979314629925925_6459583426545477162_n.jpg 1 188 387 119 89
p\391542782_979300023260719_6099618918246712074_n.jpg 1 248 323 73 37
p\391544033_979300223260699_8884567004778477960_n.jpg 1 190 268 75 49
p\391547211_979303563260365_4406081363873560174_n.jpg 1 153 422 154 106
p\391564190_979299579927430_3123117306191764978_n.jpg 1 198 464 126 74
p\392744764_979991649858223_6544436433689672656_n.jpg 2 258 281 55 68 61 291 63 50
p\393735089_984814812709240_1103007916463484566_n.jpg 1 216 533 128 71
p\394529689_984813692709352_1811603642618754836_n.jpg 1 270 581 117 90
p\406948413_211170942034861_3807461258054170320_n.jpg 2 235 295 57 46 418 330 39 25
p\406972564_211370772014878_1224211488781959354_n.jpg 2 300 349 56 36 133 365 56 47
p\408163513_211368215348467_3643279946346679281_n.jpg 1 192 498 145 122
p\408166676_211170415368247_4084486380917400092_n.jpg 1 540 444 76 60
p\408172224_211372182014737_3280127182082552213_n.jpg 2 166 345 95 72 327 360 82 55
p\408174541_211367985348490_2191565307997625907_n.jpg 1 195 449 103 78
p\408174546_211371278681494_6637275707512699779_n.jpg 3 345 327 85 52 540 244 65 57 738 290 73 53
p\409554559_1010893730101348_5695979231203622962_n.jpg 1 281 318 70 44
p\409564475_1010892403434814_5089707820981221578_n.jpg 2 421 347 94 92 360 216 62 42
p\409574861_1010892273434827_5306312585974802624_n.jpg 1 207 330 91 57
p\409579388_1010933473430707_6817774052724205344_n.jpg 1 256 350 83 51
p\409582574_1010948330095888_3057314755124065996_n.jpg 1 255 319 64 52
p\409583767_1010947746762613_931648757152931509_n.jpg 1 226 280 73 52
p\409682858_1010950156762372_3973237831124946793_n.jpg 1 137 142 49 41
p\410227100_1010950723428982_4262595657643680134_n.jpg 3 196 404 79 52 415 310 69 50 817 321 86 50
p\410235217_1015638096293578_8723349608450407200_n.jpg 1 204 431 100 82
p\410259453_1015638106293577_8409173834489562464_n.jpg 1 227 324 99 70
p\410269553_1010893093434745_9005268781507038288_n.jpg 1 240 338 94 60
p\410293222_1010892743434780_1920028934063775896_n.jpg 2 305 318 67 46 164 367 59 45
p\410303980_1010950633428991_2754692438203064056_n.jpg 1 221 295 81 60
p\410310461_1010895143434540_3439344377403835212_n.jpg 1 104 168 55 43
p\410310637_1010892583434796_6152522359964147663_n.jpg 1 212 321 98 60
p\410311118_1010894103434644_1994974726168826727_n.jpg 1 271 351 63 48
p\412027090_1015656649625056_9161504886363740125_n.jpg 1 172 374 76 63
p\417162377_1027154301808624_2000186182237765208_n.jpg 1 223 438 81 78
p\417186307_1027176418473079_8171879656642044614_n.jpg 1 274 531 93 86
p\417187202_1027154328475288_234669104271386940_n.jpg 2 462 589 101 62 790 451 56 41
p\420033599_6996024510518753_6183063272794668064_n.jpg 1 198 263 75 50
p\420188248_257770654014813_9199553495403906567_n.jpg 1 243 260 77 69
p\420473784_257770610681484_2796308067649926694_n.jpg 1 250 306 86 44
p\420475110_257770134014865_1973919850712551085_n.jpg 1 336 350 56 39
p\420478902_257770507348161_2010834284644719441_n.jpg 1 160 399 68 37
p\420486545_257770407348171_3310724329108071866_n.jpg 2 409 322 64 51 540 407 42 36
p\420515158_257769850681560_4971980167092011898_n.jpg 2 415 282 93 68 272 299 45 38
p\420537298_257770007348211_7193305843277128113_n.jpg 1 249 298 79 55
p\422897607_712031674376752_6348180255951069623_n.jpg 1 659 478 77 61
p\423194995_1038980093959378_6679758556084858562_n.jpg 1 277 282 81 60
p\423224752_1038979963959391_3862856497120271465_n.jpg 1 257 346 80 58
p\423539841_712536254326294_1541559177079386320_n.jpg 1 473 525 102 71
p\423583889_712034264376493_1631286419376580913_n.jpg 2 696 363 70 55 506 344 53 38
p\426128464_1043637636826957_4961608932525114138_n.jpg 2 239 405 63 53 105 399 49 37
p\426144852_1043637786826942_1199623647689073168_n.jpg 1 279 317 74 63
p\426171312_1043637880160266_404314455441558932_n.jpg 1 244 402 105 70
p\426178548_1043637326826988_1651842137431337353_n.jpg 1 231 348 93 62
p\426196513_1043638483493539_212027019987969708_n.jpg 2 205 359 63 51 349 396 57 45
p\426473162_1048489883008399_6236074982422091027_n.jpg 1 242 520 137 98
p\426531575_1048652699658784_8987583070958440289_n.jpg 1 245 508 135 121
p\426538003_1048652386325482_5827932151236931410_n.jpg 2 228 342 73 59 385 366 77 55
p\426558458_1048450533012334_8348895203736249555_n.jpg 1 234 346 79 60
p\426563286_1048652769658777_1892075050947330732_n.jpg 1 255 433 81 47
p\426576528_1048490569674997_4690992225790150804_n.jpg 2 382 341 56 50 115 331 64 50
p\426606653_1048450953012292_1568861098369089110_n.jpg 1 260 351 77 61
p\427184539_382679984382618_5972610694522775123_n.jpg 3 183 484 103 83 468 451 106 70 720 453 91 57
p\427655538_1048450046345716_3536946679816211422_n.jpg 2 426 393 60 49 124 388 69 55
p\427872099_1048451763012211_4053288892634541070_n.jpg 1 222 401 124 94
p\427963743_1048651656325555_6005235482911525559_n.jpg 1 227 412 84 55
p\427996860_1048495563007831_7916440792770763600_n.jpg 1 237 369 64 54
p\427997414_1048452953012092_4285095369526638646_n.jpg 1 243 311 80 93
p\428023471_1048450853012302_2488709710281660949_n.jpg 2 284 326 63 61 595 393 64 56
p\347240240_191364860566713_1985025088197379648_n.jpg 1 578 429 85 69
p\347245843_191363630566836_7869349328159157829_n.jpg 1 524 571 126 111
p\347249728_191387913897741_255580210685414135_n.jpg 1 507 534 86 64
p\347254606_191364337233432_6570540223232354308_n.jpg 1 510 515 159 129
p\347258325_191363823900150_5759473912522289780_n.jpg 1 556 456 89 73
p\347269576_191363027233563_9042643930930529856_n.jpg 1 463 530 130 105
p\347378121_191364767233389_5306310935258651822_n.jpg 1 547 381 76 46
p\347381387_191366773899855_1231731956169286987_n.jpg 1 579 473 97 80
p\347395632_191614583875074_7937789847965889627_n.jpg 2 552 414 95 67 266 441 92 65
p\347400245_191369740566225_3491929267557124598_n.jpg 1 521 486 110 97
p\347407633_191370303899502_7835682557816433399_n.jpg 1 539 494 72 63
p\347415047_191370933899439_5307272234010707815_n.jpg 2 517 489 93 79 763 403 57 65
p\347429459_191363427233523_2991945531131337506_n.jpg 1 619 560 73 92
p\347435903_191370887232777_6771360039056360166_n.jpg 2 526 468 100 77 801 362 78 75
p\347549441_191363103900222_6427921301776430021_n.jpg 1 486 545 128 110
p\347559157_191368757232990_6131586157297536827_n.jpg 1 558 475 76 65
p\347565890_191363590566840_7990921023878637425_n.jpg 2 506 452 80 67 154 463 94 66
p\347622865_191366587233207_3121737856190236217_n.jpg 1 530 431 96 79
p\393161145_288071624229369_5767321120746439054_n.jpg 1 633 508 144 134
p\393177601_288071850896013_8340547249679245119_n.jpg 1 530 335 111 101
p\393205283_288073494229182_1663251708224427835_n.jpg 1 555 459 107 92
p\394289207_263436506692881_6662039430997235312_n.jpg 4 80 517 122 106 263 515 114 113 423 535 123 82 604 535 71 78
p\394318960_263421633361035_7334958279853121530_n.jpg 1 641 415 131 93
p\394330586_263436883359510_4355592689213323699_n.jpg 2 560 468 95 68 188 411 88 56
p\394344578_264240989945766_1970820779906021485_n.jpg 2 299 407 120 93 518 378 97 80
p\394356002_264256209944244_6779368275015786158_n.jpg 1 568 525 145 95
p\394356447_263422256694306_3234158911565474389_n.jpg 2 656 473 108 75 284 432 111 96
p\394364729_264254929944372_6922970126037280502_n.jpg 1 552 432 76 62
p\394364778_264318039938061_8557909385625102426_n.jpg 1 586 434 113 95
p\394368126_264241676612364_5900243193195762617_n.jpg 1 198 395 88 86
p\394465818_264241013279097_2779310976723272757_n.jpg 1 472 363 111 76
p\394526586_264318619938003_1429995621039967628_n.jpg 3 545 388 72 67 76 318 90 51 832 363 104 67
p\394529879_264241059945759_1032255292062542473_n.jpg 1 510 454 148 113
p\394577044_264253976611134_9061025810643260589_n.jpg 1 511 385 127 81
p\394620504_264318663271332_5288969140491506776_n.jpg 1 578 335 106 98
p\394629210_264254029944462_274663942944556953_n.jpg 2 504 359 87 67 19 343 97 70
p\394642921_264318719937993_8099050015932553204_n.jpg 1 525 367 118 113
p\394648625_264253943277804_6768172402140963120_n.jpg 1 532 324 99 91
p\395099800_264253389944526_4235019806209572279_n.jpg 3 472 309 79 56 241 292 79 60 70 321 87 65
p\395109087_264252833277915_4124178511218870669_n.jpg 2 470 330 66 54 671 352 79 62
p\401365567_288071824229349_373935853404744239_n.jpg 1 509 226 95 73
p\401397272_288072637562601_3624640631357451785_n.jpg 1 551 500 101 86
p\405294295_288071967562668_8388234902265823739_n.jpg 1 135 212 44 37
p\405308768_288178084218723_3171107416768523205_n.jpg 3 240 331 60 55 444 466 74 61 980 477 74 67
p\405309030_288177890885409_9123730781157988100_n.jpg 1 193 259 100 98
p\405322891_288420494194482_8912871499908545579_n.jpg 1 531 531 121 85
p\405326229_288420227527842_3805452596923720589_n.jpg 2 499 459 131 75 148 414 106 79
p\405336194_288479837521881_4914427122615152804_n.jpg 1 470 505 178 118
p\407213989_288073284229203_951622815244861128_n.jpg 1 509 440 127 110
p\410301182_293335267036338_8342631958547055054_n.jpg 1 541 387 63 64
p\410309452_293313583705173_8791383476070339687_n.jpg 1 540 393 58 38
p\410310477_293334950369703_2537857102314021667_n.jpg 1 171 116 28 24
p\410320794_293334230369775_4221654877953761315_n.jpg 1 564 359 53 46
p\410326155_293313713705160_2988307339624697385_n.jpg 2 565 428 69 50 397 335 46 43
p\410331494_293335113703020_5029837923575267421_n.jpg 2 364 295 86 53 617 334 56 51
p\410342401_293334180369780_1983986960185699175_n.jpg 1 532 376 74 73
p\410342964_293311727038692_6826841999092575633_n.jpg 1 476 603 140 81
p\410390010_293313683705163_5326078458853800002_n.jpg 1 543 417 69 40
p\410446448_293335603702971_9156127227573001732_n.jpg 3 567 379 58 52 842 365 55 49 93 376 50 45
p\410524254_293312120371986_7934186817472080013_n.jpg 2 467 559 111 90 748 484 88 62
p\411221866_297763163260215_3364935271977434664_n.jpg 1 486 453 114 69
p\411230545_297762129926985_4859048562895258446_n.jpg 1 176 389 91 55
p\411652299_297763486593516_3399394767435802744_n.jpg 1 424 516 156 119
p\411671988_297763433260188_6605483942053707904_n.jpg 2 510 394 81 48 824 359 77 59
p\411677525_297763383260193_7740539764218029430_n.jpg 1 462 358 125 123
p\411722604_297762636593601_2316101211170626832_n.jpg 1 497 417 111 95
p\412368008_297763456593519_5920676008468752670_n.jpg 1 495 347 76 63
p\417144231_309993645370500_4937627788283589491_n.jpg 3 306 333 63 45 579 303 45 54 740 341 48 49
p\417144450_310051332031398_2989705669048193698_n.jpg 1 527 432 85 46
p\417152365_310049628698235_7995062430175048729_n.jpg 2 375 343 93 68 620 297 83 54
p\417154039_309993612037170_2274565474215395232_n.jpg 2 477 416 80 63 611 338 89 71
p\417154573_310048452031686_5092365462318922236_n.jpg 1 518 331 79 61
p\417155420_309993745370490_6606322660347349357_n.jpg 1 518 375 64 48
p\417181431_310049428698255_1748549468392620680_n.jpg 1 548 338 69 56
p\417190174_310048672031664_4977158157672509626_n.jpg 1 542 373 94 66
p\417222405_310048475365017_9195360343675507082_n.jpg 1 537 346 50 44
p\419671501_314579498245248_8193809649300579919_n.jpg 2 256 536 97 71 491 483 86 80
p\419675423_314590848244113_4506438248827421549_n.jpg 1 477 315 97 78
p\419699896_314577678245430_4867303867291063095_n.jpg 3 339 562 103 84 538 492 103 76 705 510 102 74
p\419700425_314578398245358_2743893163891967368_n.jpg 1 496 416 91 71
p\419700833_314578364912028_1800512707314755580_n.jpg 1 544 407 91 74
p\421233720_318889167814281_8963304707819910866_n.jpg 2 442 546 94 95 607 489 111 87
p\422139285_318890904480774_5777587768297362932_n.jpg 4 88 550 98 72 338 462 78 73 512 507 84 94 929 468 76 57
p\422146933_318891494480715_1722615099331598737_n.jpg 4 231 455 57 48 357 495 80 62 486 578 89 75 848 493 81 39
p\422163843_318921117811086_7242906781766180178_n.jpg 2 442 411 126 89 650 403 91 59
p\422169491_318921177811080_2202060085486041958_n.jpg 2 169 323 123 95 428 328 99 73
p\422193638_319192691117262_1818040213844106486_n.jpg 3 329 365 84 55 509 424 92 56 841 399 103 74
p\422233682_319075887795609_2040856897236039196_n.jpg 2 297 442 101 68 559 356 93 69
p\422234513_318890051147526_7594140879730533714_n.jpg 2 572 444 86 64 951 394 80 58
p\422234529_319075964462268_8145413097015298423_n.jpg 3 131 369 66 51 497 364 71 51 825 418 64 69
p\422238688_319075667795631_9091860706413506711_n.jpg 2 194 512 129 91 516 458 104 99
p\422245351_319075644462300_6617614837915557932_n.jpg 2 267 401 123 89 521 470 117 83
p\424524025_322891897414008_2724092610620518741_n.jpg 1 546 425 95 68
p\424527161_322893167413881_6414435011450845197_n.jpg 1 523 430 81 58
p\424529757_322893457413852_8462643844295678943_n.jpg 1 243 401 50 38
p\424536064_322907857412412_1225074420908283408_n.jpg 1 539 467 77 56
p\424536346_322907140745817_5187811113425556470_n.jpg 1 508 377 57 49
p\424543626_322893567413841_549036833179700611_n.jpg 1 252 511 69 40
p\424553609_322892707413927_1301081491468726189_n.jpg 1 434 326 76 56
p\424553821_322892674080597_7205467771450953697_n.jpg 1 555 567 99 71
p\424554202_322907097412488_4156936194373999969_n.jpg 1 489 332 67 51
p\424566589_322907050745826_74133029639473004_n.jpg 1 536 475 73 63
p\365025700_596111986013782_729126464453283426_n.jpg 2 106 394 88 66 394 438 78 58
p\365508884_596112572680390_7068841265385623858_n.jpg 1 226 290 63 51
p\365777232_596109679347346_9005342176929637233_n.jpg 1 189 343 63 47
p\365784520_596112949347019_8502763300252645103_n.jpg 1 214 395 64 45
p\365904984_596129006012080_304636742579081267_n.jpg 2 114 284 72 57 297 330 73 54
p\365935337_596128409345473_6904555562765642841_n.jpg 2 261 364 59 52 169 330 56 45
p\365968188_596112526013728_7610754375966898611_n.jpg 1 191 341 78 70
p\366063455_596130259345288_2461834282620682785_n.jpg 1 206 302 76 48
p\366079226_596129176012063_799959318243331199_n.jpg 2 547 449 72 53 679 427 51 47
p\366079580_596129676012013_2521962602601252610_n.jpg 1 209 289 86 62
p\366085015_596130066011974_2826774638438429274_n.jpg 1 193 334 53 46
p\366093167_596110056013975_2211418874148096969_n.jpg 1 237 371 51 38
p\374636671_273649645477739_3409101683906315184_n.jpg 2 123 323 79 47 278 260 54 43
p\374690122_273649388811098_5967079531531479421_n.jpg 1 230 319 79 44
p\374696784_273649765477727_1064517964367933027_n.jpg 1 545 562 127 80
p\374769295_273649172144453_2077427731765131559_n.jpg 2 288 286 59 47 45 257 49 46
p\376234610_273649558811081_7890538364998182886_n.jpg 1 176 324 74 52
p\376236340_344273154617924_544708098505642172_n.jpg 1 221 314 57 45
p\376244308_344272977951275_1940107252726208916_n.jpg 1 233 318 65 55
p\376257175_273649728811064_2404005513143048285_n.jpg 1 234 330 77 52
p\376266302_273645808811456_5330704026425866526_n.jpg 1 208 270 71 54
p\376288273_273649545477749_599201046189723216_n.jpg 2 112 294 76 72 306 310 77 63
p\376405352_273649675477736_5529832580308695806_n.jpg 2 204 348 82 57 423 438 75 51
p\376742536_273649608811076_7769720436205563875_n.jpg 2 27 277 62 50 252 314 65 42
p\376839926_316167304264795_5683956783144262095_n.jpg 1 246 330 75 50
p\377432624_344272981284608_983606733886497798_n.jpg 1 226 334 52 45
p\377468543_316167427598116_3916594077578479505_n.jpg 1 187 402 61 42
p\377500822_316167417598117_8410439668493554885_n.jpg 1 217 280 63 54
p\377502015_316167437598115_544839771874601058_n.jpg 1 192 311 74 44
p\377533675_316166990931493_2059513812165748888_n.jpg 1 182 587 143 85
p\377553627_316167590931433_8552847719068414488_n.jpg 1 213 286 85 44
p\377554390_316167924264733_1712503743933865786_n.jpg 1 225 592 100 83
p\377562597_316166240931568_5253624731836605966_n.jpg 1 226 302 79 44
p\377572264_316167850931407_1168342594510466848_n.jpg 1 310 420 71 37
p\377782862_344272947951278_6554273779224543938_n.jpg 1 253 355 63 47
p\377914506_344273287951244_7305959536070424433_n.jpg 1 187 419 70 43
p\377919017_316167607598098_3335940531254544600_n.jpg 1 181 266 98 62
p\377957192_316167597598099_9070147877879018450_n.jpg 1 236 331 66 55
p\378003679_316167690931423_3603174229873827069_n.jpg 1 200 372 84 62
p\378037078_344273134617926_4770009283594816744_n.jpg 1 212 366 71 48
p\422828976_423411343358132_4810183414359998931_n.jpg 1 234 266 81 51
p\422833231_423408766691723_2484257814336759013_n.jpg 1 211 282 76 50
p\422833714_423411363358130_703803757154821549_n.jpg 1 232 320 77 45
p\422841416_423409196691680_4563069434008921443_n.jpg 1 249 375 69 45
p\422844439_423411256691474_7602861043310967816_n.jpg 1 261 282 74 45
p\422852264_423413473357919_1942862183722663440_n.jpg 2 566 420 73 46 976 285 60 37
p\422856648_423412790024654_8586622344104126640_n.jpg 1 220 370 96 63
p\422859507_423409993358267_5039596410053809230_n.jpg 1 236 282 83 50
p\422862838_423408473358419_4913728079006772163_n.jpg 1 245 334 88 48
p\422864311_423413716691228_8025196268507295733_n.jpg 1 195 399 82 50
p\422874425_423409146691685_3825217930971789078_n.jpg 1 446 426 148 115
p\422878255_423412313358035_5314773916664783335_n.jpg 1 530 321 110 61
p\422886456_423409283358338_4561506263078787461_n.jpg 2 404 354 71 31 747 333 75 48
p\422894220_423410696691530_4974984936424123350_n.jpg 1 265 266 69 39
p\422898258_423413346691265_8902933897558115061_n.jpg 2 254 414 61 37 333 365 52 37
p\422914118_423409790024954_7467063999726431304_n.jpg 1 590 352 93 54
p\422954248_423409756691624_2401497624764205126_n.jpg 1 522 311 106 74
p\423481323_423409423358324_307721416388614962_n.jpg 2 226 263 83 51 452 343 54 30
p\423537340_423410050024928_7111238374263746396_n.jpg 1 197 306 69 37
p\423538222_423412830024650_1918551197308594617_n.jpg 1 213 353 117 60
p\423539619_423412330024700_2533869627056309708_n.jpg 1 776 453 72 55
p\423539813_423410643358202_672925926221830825_n.jpg 1 240 379 98 50
p\423555395_423413680024565_3414584734557028611_n.jpg 1 187 413 117 64
p\423557421_423410720024861_4082541337162285397_n.jpg 2 232 321 83 53 12 310 59 37
p\423557475_423412923357974_4371014356575174742_n.jpg 1 224 418 127 72
p\423582857_423411840024749_80790902739422875_n.jpg 1 479 479 100 61
p\423583351_423408696691730_192930500276222139_n.jpg 1 213 373 85 49
p\423675472_423409916691608_2053659691094547630_n.jpg 1 208 318 66 48
p\423695369_423411863358080_6983295854185818857_n.jpg 2 552 467 88 61 755 562 90 47
p\423779421_423413320024601_6795064447033053533_n.jpg 1 605 506 134 81
p\338600707_762046322028020_4346124018347753280_n.jpg 1 223 482 150 104
p\338770437_742088127387075_8888463823210265304_n.jpg 1 179 454 126 89
p\338907128_145022655183518_3323861296010776891_n.jpg 1 190 471 116 76
p\339052757_985099932866136_6503685446068447523_n.jpg 1 226 491 134 63
p\339082998_1370690493515439_7666555804825922723_n.jpg 1 203 348 119 68
p\339098307_6074865765913120_6808926696892011060_n.jpg 1 242 283 86 60
p\339100918_616574666588458_6386201998764208545_n.jpg 1 186 323 113 73
p\339289818_2766768140127242_8191176078144356160_n.jpg 1 174 422 112 85
p\339479002_1057319648562221_3384955316833885116_n.jpg 1 240 434 112 63
p\366351233_590335553294073_5070045157056402593_n.jpg 2 147 500 116 93 357 447 119 77
p\366370420_590364463291182_3203517479973863471_n.jpg 1 213 407 105 73
p\366383702_590334809960814_9091523350915806392_n.jpg 1 212 430 115 77
p\366575675_590334343294194_7227061976841301957_n.jpg 1 235 531 121 89
p\366577797_590364249957870_6788463654231953824_n.jpg 1 276 353 120 83
p\366583670_590334636627498_7314239891503731381_n.jpg 2 114 479 127 70 288 383 106 70
p\366583859_590334333294195_3222050211378781835_n.jpg 1 191 445 127 76
p\366587346_590364533291175_6270318441973801098_n.jpg 1 239 287 84 56
p\366623085_590334489960846_1172300912944586557_n.jpg 1 237 502 137 88
p\366633404_590334906627471_4146068372510274200_n.jpg 1 223 254 81 73
p\366639836_590364679957827_1843182656211960607_n.jpg 1 247 295 68 48
p\366674445_590335633294065_8632827466239542814_n.jpg 1 248 384 58 44
p\366683858_590364253291203_1795878902413980547_n.jpg 1 196 405 103 80
p\366694124_590335156627446_6771175096776158306_n.jpg 1 198 370 114 59
p\366698826_590334433294185_8067763943622544993_n.jpg 1 188 352 120 71
p\366701164_590335029960792_3165318744575473394_n.jpg 1 186 373 104 73
p\366714742_590334546627507_3274274085264050747_n.jpg 1 230 379 112 66
p\366719896_590365266624435_261699480003334875_n.jpg 1 267 327 85 63
p\367102097_590334393294189_7356726689300267938_n.jpg 1 178 380 88 55
p\367416584_590364379957857_4963843158634792575_n.jpg 1 235 379 115 65
p\402230649_641589404835354_8699945520164822629_n.jpg 1 185 357 107 68
p\402506162_641725844821710_2202250982557796973_n.jpg 1 208 312 70 51
p\402546827_641588781502083_8784390701557032638_n.jpg 1 192 398 122 106
p\402549152_641589231502038_2530967179867016123_n.jpg 1 186 433 113 60
p\402568013_641589864835308_3865453175773585191_n.jpg 1 206 342 93 67
p\402865974_641589218168706_3969987088413166508_n.jpg 1 180 343 99 64
p\402881001_641588808168747_7643486386820040607_n.jpg 1 228 264 81 87
p\402889019_641726161488345_8296517787690216035_n.jpg 1 215 407 89 62
p\402890799_641588958168732_8728102181938827353_n.jpg 1 203 315 95 57
p\402891048_641726058155022_593349439627031225_n.jpg 1 216 393 98 64
p\402891745_641589074835387_1494060095900478939_n.jpg 1 231 331 83 68
p\402900360_641590211501940_9150896257695332304_n.jpg 2 169 367 108 84 306 395 113 76
p\402900548_641726148155013_8798988424829782508_n.jpg 1 211 439 88 76
p\402903402_641725621488399_6353358724917006166_n.jpg 1 194 323 95 69
p\402912891_641726224821672_67497609377479412_n.jpg 1 205 391 79 56
p\402967327_641589558168672_2044377885660946093_n.jpg 1 201 302 97 77
p\402968612_641725601488401_3494574302827177311_n.jpg 1 228 374 110 81
p\403064193_641589604835334_4188694567292696757_n.jpg 1 127 349 64 54
p\403064633_641589184835376_4779147596788496498_n.jpg 1 196 499 172 111
p\409548076_652822513712043_322487087605450752_n.jpg 1 305 318 70 37
p\409560225_652822707045357_4872053213757381314_n.jpg 1 215 406 117 66
p\409568186_653164723677822_4399785843002833658_n.jpg 3 152 564 118 77 582 447 63 64 810 455 94 56
p\409576532_653163883677906_8047693534926273061_n.jpg 3 766 387 77 40 383 343 76 49 506 491 57 44
p\409579635_653163200344641_4140348161163478387_n.jpg 2 343 397 90 74 857 465 96 49
p\409583480_652822480378713_1195037218537459787_n.jpg 2 330 314 71 58 144 396 81 52
p\409594114_652822563712038_3597910971381695443_n.jpg 1 249 274 80 49
p\409626077_652822470378714_838222862741281090_n.jpg 1 199 398 121 73
p\409633438_652822623712032_5836321944349814697_n.jpg 1 217 263 81 50
p\409641699_652822877045340_3464164069272193318_n.jpg 1 199 500 109 84
p\409673102_652822727045355_4154214898361000422_n.jpg 1 165 454 126 76
p\409674810_653164223677872_4120687435838437981_n.jpg 1 126 415 89 62
p\409674987_653163593677935_2969072442243192436_n.jpg 1 201 500 81 56
p\409698982_652822597045368_952466975199260808_n.jpg 1 242 285 58 34
p\409703332_653163477011280_7218683604812423461_n.jpg 3 272 487 86 57 470 495 81 53 814 483 97 57
p\409811179_653164253677869_6059486441030716481_n.jpg 1 185 331 90 56
p\409865459_653164343677860_372979185011008846_n.jpg 1 190 445 108 60
p\428611171_935585874603685_3213114405890067974_n.jpg 1 281 377 91 57
p\428616320_935585951270344_6163825155157198486_n.jpg 1 134 410 85 58
p\428617666_935585864603686_2880215707596712383_n.jpg 1 204 311 69 71
p\428618048_935586097936996_8904711378328296261_n.jpg 2 150 241 69 54 332 345 86 49
p\429478514_695816596079301_7687591387425775182_n.jpg 1 226 340 81 56
p\429480267_695816256079335_5188297802222917721_n.jpg 1 171 339 71 57
p\429481537_695816549412639_757470442546213111_n.jpg 1 214 403 55 46
p\429517003_695816566079304_3449018903120839194_n.jpg 1 195 395 53 48
p\429531865_695816499412644_911662071601453913_n.jpg 1 214 293 63 47
p\429537135_695816479412646_330640699918918115_n.jpg 1 222 301 96 54
p\429537347_695816189412675_1710941605696666163_n.jpg 1 202 446 95 61
p\429539599_695816516079309_4594015757064271724_n.jpg 1 205 354 83 49
p\429546006_695816112746016_8450180385348027094_n.jpg 1 179 448 95 64
p\as.jpg 1 230 277 63 49


