p\p1.jpg 2 485 340 66 49 200 403 69 50
p\p10.jpg 1 241 328 65 61
p\p11.jpg 1 213 274 88 69
p\p12.jpg 2 190 325 74 55 346 298 73 53
p\p13.jpg 1 260 259 96 64
p\p14.jpg 1 231 271 70 66
p\p15.jpg 1 492 394 62 47
p\p16.jpg 3 558 300 61 42 689 319 73 46 817 355 60 50
p\p17.jpg 2 221 373 61 50 330 405 49 49
p\p18.jpg 2 104 346 48 52 248 310 69 61
p\p19.jpg 1 522 461 111 86
p\p2.jpg 1 221 321 83 61
p\p20.jpg 1 554 351 80 40
p\p21.jpg 1 195 444 152 147
p\p22.jpg 1 190 347 100 90
p\p23.jpg 1 522 374 113 82
p\p24.jpg 5 199 365 65 49 271 381 47 43 330 372 56 41 514 388 67 43 615 385 53 44
p\p25.jpg 2 573 469 134 108 934 554 154 94
p\p26.jpg 5 93 444 63 33 236 384 68 37 522 350 68 54 644 392 74 47 841 351 63 46
p\p27.jpg 1 181 437 128 100
p\p28.jpg 1 237 323 71 65
p\p29.jpg 4 28 479 108 66 187 419 110 78 436 553 145 105 696 441 127 106
p\p3.jpg 1 222 339 64 57
p\p30.jpg 2 484 489 98 70 750 424 84 72
p\p4.jpg 1 227 377 79 67
p\p5.jpg 1 230 314 83 61
p\p6.jpg 1 243 283 59 55
p\p7.jpg 1 201 314 79 57
p\p8.jpg 1 195 394 88 72
p\p9.jpg 1 217 358 69 58
p\na1.jpg 3 393 362 63 55 485 421 73 78 627 364 73 63
p\na10.jpg 3 265 455 91 76 486 500 86 64 806 434 87 62
p\na11.jpg 2 336 408 118 93 684 448 143 82
p\na12.jpg 1 545 434 110 73
p\na13.jpg 3 282 346 110 72 634 267 96 74 859 351 59 44
p\na14.jpg 3 293 320 85 52 493 362 75 64 770 419 86 58
p\na15.jpg 2 387 349 64 47 555 367 60 56
p\na2.jpg 3 89 402 55 39 332 445 42 32 659 444 47 36
p\na3.jpg 1 208 339 54 47
p\na4.jpg 1 263 348 81 65
p\na5.jpg 1 236 297 74 56
p\na6.jpg 1 205 357 88 60
p\na7.jpg 1 500 483 135 119
p\na8.jpg 1 526 484 91 72
p\na9.jpg 2 512 376 103 66 200 372 73 64
p\y1.jpg 2 229 437 148 126 703 451 175 125
p\y10.jpg 2 384 305 115 103 749 324 93 91
p\y11.jpg 3 357 381 66 56 573 365 64 53 751 346 78 46
p\y12.jpg 1 231 231 100 76
p\y2.jpg 2 226 321 78 73 46 359 56 46
p\y3.jpg 3 295 307 109 79 515 457 89 77 762 248 104 84
p\y4.jpg 4 323 399 91 75 565 360 89 81 937 395 95 76 208 358 61 66
p\y5.jpg 1 203 321 85 72
p\y6.jpg 4 147 370 82 95 372 369 82 71 499 381 102 95 728 378 85 69
p\y7.jpg 1 188 390 96 78
p\y8.jpg 2 545 408 86 63 717 355 105 74
p\y9.jpg 2 416 243 82 62 521 299 125 91
p\FB_IMG_1706432647819.jpg 1 164 312 108 77
p\FB_IMG_1706432649920.jpg 1 134 392 76 32
p\FB_IMG_1706432651988.jpg 1 213 466 190 139
p\FB_IMG_1706432654074.jpg 1 214 262 93 86
p\FB_IMG_1706432663062.jpg 1 187 286 114 74
p\FB_IMG_1706432664821.jpg 1 266 342 80 79
p\FB_IMG_1706432667871.jpg 2 119 392 93 44 331 304 80 59
p\FB_IMG_1706432671004.jpg 1 323 344 95 63
p\FB_IMG_1706432676111.jpg 1 262 360 84 73
p\FB_IMG_1706432677644.jpg 1 210 307 97 98
p\FB_IMG_1706432682117.jpg 1 120 374 76 50
p\FB_IMG_1706432683694.jpg 1 151 317 91 74
p\FB_IMG_1706432686648.jpg 1 207 283 82 70
p\FB_IMG_1706432695023.jpg 1 221 333 80 86
p\FB_IMG_1706432704600.jpg 1 182 514 153 135
p\FB_IMG_1706432707943.jpg 1 219 257 71 53
p\FB_IMG_1706432713488.jpg 1 224 284 65 48
p\FB_IMG_1706433790587.jpg 1 166 328 113 76
p\FB_IMG_1706433797391.jpg 2 204 336 61 53 369 305 57 65
p\FB_IMG_1706433945896.jpg 1 178 346 123 120
p\FB_IMG_1706433953934.jpg 1 207 301 93 55
p\FB_IMG_1706434615174.jpg 1 223 443 109 92
p\FB_IMG_1706434623512.jpg 1 284 199 64 68
p\FB_IMG_1706434634086.jpg 1 236 355 45 30
p\FB_IMG_1706434637441.jpg 1 615 259 75 71
p\FB_IMG_1706434639420.jpg 1 301 331 68 49
p\FB_IMG_1706434641246.jpg 1 267 266 47 44
p\FB_IMG_1706434643202.jpg 1 195 316 59 38
p\FB_IMG_1706434645046.jpg 1 240 307 45 51
p\FB_IMG_1706434646802.jpg 1 254 295 66 57
p\FB_IMG_1706434648559.jpg 1 212 365 68 60
p\FB_IMG_1706434651859.jpg 1 233 318 74 55
p\FB_IMG_1706434653507.jpg 1 267 345 66 48
p\FB_IMG_1706434655330.jpg 1 291 288 45 31
p\FB_IMG_1706434658271.jpg 2 224 341 56 48 80 318 49 29
p\FB_IMG_1706434659771.jpg 1 199 336 58 56
p\FB_IMG_1706434661237.jpg 1 270 330 53 45
p\FB_IMG_1706434739121.jpg 1 248 255 77 57
p\FB_IMG_1706434743867.jpg 2 174 274 73 73 398 267 51 45
p\FB_IMG_1706434812816.jpg 1 281 283 60 53
p\FB_IMG_1706434818208.jpg 1 277 352 72 52
p\FB_IMG_1706434823824.jpg 1 207 279 62 50
p\FB_IMG_1706434833775.jpg 1 241 329 76 64
p\FB_IMG_1706434838706.jpg 1 232 378 67 67
p\FB_IMG_1706434842074.jpg 1 198 321 72 80
p\FB_IMG_1706434843898.jpg 1 215 347 84 62
p\FB_IMG_1706434909362.jpg 2 233 419 47 35 180 393 42 37
p\330444440_1546882152486125_3770178327533375198_n.jpg 2 416 375 76 61 594 421 83 67
p\330627361_117017274552204_1256524682484389723_n.jpg 5 321 443 55 50 95 364 63 43 485 439 75 68 624 376 52 50 716 372 67 58
p\354465711_574777408167049_9031487980039465504_n.jpg 1 217 318 76 57
p\355111269_574777381500385_7445794315618439812_n.jpg 1 191 326 91 74
p\367438235_608570908121032_3023425943782466721_n.jpg 1 219 389 109 82
p\385474476_630571892587600_186145302546706480_n.jpg 1 225 377 90 53
p\385475759_630572659254190_3938495171131540103_n.jpg 1 226 311 92 57
p\385479639_630580492586740_6325486522203691421_n.jpg 2 400 356 103 76 691 302 92 73
p\385487195_630582402586549_2285080703200326783_n.jpg 1 200 267 82 63
p\424564562_697097259258080_6296560015800893590_n.jpg 1 625 381 61 54
p\329575847_153070690940941_6619692818625939220_n.jpg 3 996 868 132 111 742 657 98 77 1632 896 157 146
p\330325040_984512349186022_3176385505932273370_n.jpg 2 912 830 138 99 1534 721 137 115
p\330396693_2767523866718544_6397987495977304244_n.jpg 4 963 657 98 85 1211 662 66 51 1509 557 96 64 1825 666 71 62
p\330620901_786780966330660_1298526857052182787_n.jpg 2 963 726 145 96 1547 712 108 100
p\334319430_1008624396787826_6191366518097554413_n.jpg 1 1078 824 84 73
p\334512795_214600811114425_5984533283485457478_n.jpg 3 537 733 128 101 1266 764 95 57 1868 644 94 58
p\334737426_223214153610466_2073055581413735322_n.jpg 4 386 831 137 88 764 799 88 77 856 929 85 94 1631 740 126 103
p\354535880_574781248166665_6522558364632180119_n.jpg 2 582 770 171 121 149 657 146 94
p\354555250_574777858167004_8134230666707060563_n.jpg 1 534 886 261 141
p\367464446_608571851454271_6070696110326149431_n.jpg 2 675 652 160 94 1030 707 149 103
p\385037314_630579492586840_4981650246796117697_n.jpg 1 566 742 172 94
p\385351278_630573879254068_6748997627946282463_n.jpg 1 672 733 204 141
p\385381713_630581319253324_4300196295618106757_n.jpg 1 567 921 248 122
p\385441079_630571555920967_6010002178220638904_n.jpg 1 559 795 230 136
p\385474363_630577505920372_2551350398137714440_n.jpg 1 587 832 196 134
p\385479678_630575065920616_1440064479950582159_n.jpg 1 1258 856 122 49
p\385493796_630572195920903_1783630609083157779_n.jpg 1 571 736 186 77
p\385867408_630573515920771_3602838905321685141_n.jpg 2 821 694 132 58 1298 710 121 35
p\385889929_630584602586329_5217651818604090845_n.jpg 1 921 754 136 42
p\385899993_630573175920805_7636104834619003756_n.jpg 2 874 702 105 54 1376 661 71 35
p\386070246_630578882586901_6557410525192284916_n.jpg 1 943 684 111 57
p\386072056_630582019253254_7524341800498455302_n.jpg 1 606 842 124 67
p\422833714_371054378983312_2728224328539634909_n.jpg 1 606 950 151 97
p\422836863_371053085650108_8819450926661595343_n.jpg 1 640 954 132 92
p\422837250_371057268983023_8392014373130331185_n.jpg 1 593 943 138 102
p\422881544_371057232316360_1036659702711663785_n.jpg 2 1098 951 98 79 605 841 117 96
p\422881961_371052765650140_8490525703015492953_n.jpg 1 519 802 175 147
p\423193680_370628549025895_6157562903304190234_n.jpg 3 515 650 73 67 910 636 60 40 1010 622 80 66
p\423223613_370628589025891_4411157615084926000_n.jpg 2 903 752 113 80 1204 571 108 95
p\424563453_697095292591610_2860271407206056346_n.jpg 1 1079 675 65 79
p\424563859_697101179257688_2326218717244438114_n.jpg 1 909 648 71 57
p\424569162_697096179258188_8387859069310263108_n.jpg 2 928 665 52 49 1133 592 78 77
p\424571528_697097519258054_6337553087832135793_n.jpg 2 705 617 73 64 1340 575 59 71
p\424576583_697093825925090_8231166852820408215_n (1).jpg 1 1154 674 98 65
p\424576583_697093825925090_8231166852820408215_n.jpg 1 1164 687 82 51
p\424579016_697095155924957_3210887364565884221_n.jpg 1 1081 678 64 61
p\424599870_697098749257931_6628984837697923039_n.jpg 3 879 739 71 51 1147 648 72 52 1552 648 60 42
p\424663131_697099345924538_6619441833871393107_n.jpg 1 1153 650 61 49
p\424667092_697099122591227_8296814294977188027_n.jpg 2 1533 556 105 103 1060 684 90 53
p\424668733_697096502591489_762647892910426617_n.jpg 2 1177 775 68 60 1480 533 74 56
p\424699120_697098485924624_6936453220014676896_n.jpg 1 1160 588 84 58
p\424699823_697095405924932_970917498004323145_n.jpg 1 1191 612 70 52
p\424706357_697095235924949_3306737179117353157_n.jpg 1 1050 666 78 74
p\424707433_697100945924378_3955093379228736508_n.jpg 3 1333 745 68 58 886 680 53 43 763 730 56 30
p\424721017_697098179257988_8505810782862779529_n.jpg 2 924 640 51 43 1267 622 68 33
p\424721749_697096709258135_4568070544782701683_n.jpg 1 948 685 86 56
p\424722371_697095562591583_280916890693043545_n.jpg 1 1077 588 76 70
p\424741298_697097352591404_7682471234285850366_n.jpg 1 1075 658 77 51
p\424747601_697100675924405_2276411134774854099_n.jpg 2 687 666 84 79 1648 688 68 54
p\424773138_697094972591642_5063709012254642570_n.jpg 1 1054 650 71 57
p\424774203_697094415925031_6509470584353839200_n.jpg 2 936 671 59 33 1174 643 68 60
p\424926652_697098665924606_6579669590831880631_n.jpg 1 925 760 88 44
