not_annotated\347240240_191364860566713_1985025088197379648_n.jpg 1 578 429 85 69
not_annotated\347245843_191363630566836_7869349328159157829_n.jpg 1 524 571 126 111
not_annotated\347249728_191387913897741_255580210685414135_n.jpg 1 507 534 86 64
not_annotated\347254606_191364337233432_6570540223232354308_n.jpg 1 510 515 159 129
not_annotated\347258325_191363823900150_5759473912522289780_n.jpg 1 556 456 89 73
not_annotated\347269576_191363027233563_9042643930930529856_n.jpg 1 463 530 130 105
not_annotated\347378121_191364767233389_5306310935258651822_n.jpg 1 547 381 76 46
not_annotated\347381387_191366773899855_1231731956169286987_n.jpg 1 579 473 97 80
not_annotated\347395632_191614583875074_7937789847965889627_n.jpg 2 552 414 95 67 266 441 92 65
not_annotated\347400245_191369740566225_3491929267557124598_n.jpg 1 521 486 110 97
not_annotated\347407633_191370303899502_7835682557816433399_n.jpg 1 539 494 72 63
not_annotated\347415047_191370933899439_5307272234010707815_n.jpg 2 517 489 93 79 763 403 57 65
not_annotated\347429459_191363427233523_2991945531131337506_n.jpg 1 619 560 73 92
not_annotated\347435903_191370887232777_6771360039056360166_n.jpg 2 526 468 100 77 801 362 78 75
not_annotated\347549441_191363103900222_6427921301776430021_n.jpg 1 486 545 128 110
not_annotated\347559157_191368757232990_6131586157297536827_n.jpg 1 558 475 76 65
not_annotated\347565890_191363590566840_7990921023878637425_n.jpg 2 506 452 80 67 154 463 94 66
not_annotated\347622865_191366587233207_3121737856190236217_n.jpg 1 530 431 96 79
not_annotated\393161145_288071624229369_5767321120746439054_n.jpg 1 633 508 144 134
not_annotated\393177601_288071850896013_8340547249679245119_n.jpg 1 530 335 111 101
not_annotated\393205283_288073494229182_1663251708224427835_n.jpg 1 555 459 107 92
not_annotated\394289207_263436506692881_6662039430997235312_n.jpg 4 80 517 122 106 263 515 114 113 423 535 123 82 604 535 71 78
not_annotated\394318960_263421633361035_7334958279853121530_n.jpg 1 641 415 131 93
not_annotated\394330586_263436883359510_4355592689213323699_n.jpg 2 560 468 95 68 188 411 88 56
not_annotated\394344578_264240989945766_1970820779906021485_n.jpg 2 299 407 120 93 518 378 97 80
not_annotated\394356002_264256209944244_6779368275015786158_n.jpg 1 568 525 145 95
not_annotated\394356447_263422256694306_3234158911565474389_n.jpg 2 656 473 108 75 284 432 111 96
not_annotated\394364729_264254929944372_6922970126037280502_n.jpg 1 552 432 76 62
not_annotated\394364778_264318039938061_8557909385625102426_n.jpg 1 586 434 113 95
not_annotated\394368126_264241676612364_5900243193195762617_n.jpg 1 198 395 88 86
not_annotated\394465818_264241013279097_2779310976723272757_n.jpg 1 472 363 111 76
not_annotated\394526586_264318619938003_1429995621039967628_n.jpg 3 545 388 72 67 76 318 90 51 832 363 104 67
not_annotated\394529879_264241059945759_1032255292062542473_n.jpg 1 510 454 148 113
not_annotated\394577044_264253976611134_9061025810643260589_n.jpg 1 511 385 127 81
not_annotated\394620504_264318663271332_5288969140491506776_n.jpg 1 578 335 106 98
not_annotated\394629210_264254029944462_274663942944556953_n.jpg 2 504 359 87 67 19 343 97 70
not_annotated\394642921_264318719937993_8099050015932553204_n.jpg 1 525 367 118 113
not_annotated\394648625_264253943277804_6768172402140963120_n.jpg 1 532 324 99 91
not_annotated\395099800_264253389944526_4235019806209572279_n.jpg 3 472 309 79 56 241 292 79 60 70 321 87 65
not_annotated\395109087_264252833277915_4124178511218870669_n.jpg 2 470 330 66 54 671 352 79 62
not_annotated\401365567_288071824229349_373935853404744239_n.jpg 1 509 226 95 73
not_annotated\401397272_288072637562601_3624640631357451785_n.jpg 1 551 500 101 86
not_annotated\405294295_288071967562668_8388234902265823739_n.jpg 1 135 212 44 37
not_annotated\405308768_288178084218723_3171107416768523205_n.jpg 3 240 331 60 55 444 466 74 61 980 477 74 67
not_annotated\405309030_288177890885409_9123730781157988100_n.jpg 1 193 259 100 98
not_annotated\405322891_288420494194482_8912871499908545579_n.jpg 1 531 531 121 85
not_annotated\405326229_288420227527842_3805452596923720589_n.jpg 2 499 459 131 75 148 414 106 79
not_annotated\405336194_288479837521881_4914427122615152804_n.jpg 1 470 505 178 118
not_annotated\407213989_288073284229203_951622815244861128_n.jpg 1 509 440 127 110
not_annotated\410301182_293335267036338_8342631958547055054_n.jpg 1 541 387 63 64
not_annotated\410309452_293313583705173_8791383476070339687_n.jpg 1 540 393 58 38
not_annotated\410310477_293334950369703_2537857102314021667_n.jpg 1 171 116 28 24
not_annotated\410320794_293334230369775_4221654877953761315_n.jpg 1 564 359 53 46
not_annotated\410326155_293313713705160_2988307339624697385_n.jpg 2 565 428 69 50 397 335 46 43
not_annotated\410331494_293335113703020_5029837923575267421_n.jpg 2 364 295 86 53 617 334 56 51
not_annotated\410342401_293334180369780_1983986960185699175_n.jpg 1 532 376 74 73
not_annotated\410342964_293311727038692_6826841999092575633_n.jpg 1 476 603 140 81
not_annotated\410390010_293313683705163_5326078458853800002_n.jpg 1 543 417 69 40
not_annotated\410446448_293335603702971_9156127227573001732_n.jpg 3 567 379 58 52 842 365 55 49 93 376 50 45
not_annotated\410524254_293312120371986_7934186817472080013_n.jpg 2 467 559 111 90 748 484 88 62
not_annotated\411221866_297763163260215_3364935271977434664_n.jpg 1 486 453 114 69
not_annotated\411230545_297762129926985_4859048562895258446_n.jpg 1 176 389 91 55
not_annotated\411652299_297763486593516_3399394767435802744_n.jpg 1 424 516 156 119
not_annotated\411671988_297763433260188_6605483942053707904_n.jpg 2 510 394 81 48 824 359 77 59
not_annotated\411677525_297763383260193_7740539764218029430_n.jpg 1 462 358 125 123
not_annotated\411722604_297762636593601_2316101211170626832_n.jpg 1 497 417 111 95
not_annotated\412368008_297763456593519_5920676008468752670_n.jpg 1 495 347 76 63
not_annotated\417144231_309993645370500_4937627788283589491_n.jpg 3 306 333 63 45 579 303 45 54 740 341 48 49
not_annotated\417144450_310051332031398_2989705669048193698_n.jpg 1 527 432 85 46
not_annotated\417152365_310049628698235_7995062430175048729_n.jpg 2 375 343 93 68 620 297 83 54
not_annotated\417154039_309993612037170_2274565474215395232_n.jpg 2 477 416 80 63 611 338 89 71
not_annotated\417154573_310048452031686_5092365462318922236_n.jpg 1 518 331 79 61
not_annotated\417155420_309993745370490_6606322660347349357_n.jpg 1 518 375 64 48
not_annotated\417181431_310049428698255_1748549468392620680_n.jpg 1 548 338 69 56
not_annotated\417190174_310048672031664_4977158157672509626_n.jpg 1 542 373 94 66
not_annotated\417222405_310048475365017_9195360343675507082_n.jpg 1 537 346 50 44
not_annotated\419671501_314579498245248_8193809649300579919_n.jpg 2 256 536 97 71 491 483 86 80
not_annotated\419675423_314590848244113_4506438248827421549_n.jpg 1 477 315 97 78
not_annotated\419699896_314577678245430_4867303867291063095_n.jpg 3 339 562 103 84 538 492 103 76 705 510 102 74
not_annotated\419700425_314578398245358_2743893163891967368_n.jpg 1 496 416 91 71
not_annotated\419700833_314578364912028_1800512707314755580_n.jpg 1 544 407 91 74
not_annotated\421233720_318889167814281_8963304707819910866_n.jpg 2 442 546 94 95 607 489 111 87
not_annotated\422139285_318890904480774_5777587768297362932_n.jpg 4 88 550 98 72 338 462 78 73 512 507 84 94 929 468 76 57
not_annotated\422146933_318891494480715_1722615099331598737_n.jpg 4 231 455 57 48 357 495 80 62 486 578 89 75 848 493 81 39
not_annotated\422163843_318921117811086_7242906781766180178_n.jpg 2 442 411 126 89 650 403 91 59
not_annotated\422169491_318921177811080_2202060085486041958_n.jpg 2 169 323 123 95 428 328 99 73
not_annotated\422193638_319192691117262_1818040213844106486_n.jpg 3 329 365 84 55 509 424 92 56 841 399 103 74
not_annotated\422233682_319075887795609_2040856897236039196_n.jpg 2 297 442 101 68 559 356 93 69
not_annotated\422234513_318890051147526_7594140879730533714_n.jpg 2 572 444 86 64 951 394 80 58
not_annotated\422234529_319075964462268_8145413097015298423_n.jpg 3 131 369 66 51 497 364 71 51 825 418 64 69
not_annotated\422238688_319075667795631_9091860706413506711_n.jpg 2 194 512 129 91 516 458 104 99
not_annotated\422245351_319075644462300_6617614837915557932_n.jpg 2 267 401 123 89 521 470 117 83
not_annotated\424524025_322891897414008_2724092610620518741_n.jpg 1 546 425 95 68
not_annotated\424527161_322893167413881_6414435011450845197_n.jpg 1 523 430 81 58
not_annotated\424529757_322893457413852_8462643844295678943_n.jpg 1 243 401 50 38
not_annotated\424536064_322907857412412_1225074420908283408_n.jpg 1 539 467 77 56
not_annotated\424536346_322907140745817_5187811113425556470_n.jpg 1 508 377 57 49
not_annotated\424543626_322893567413841_549036833179700611_n.jpg 1 252 511 69 40
not_annotated\424553609_322892707413927_1301081491468726189_n.jpg 1 434 326 76 56
not_annotated\424553821_322892674080597_7205467771450953697_n.jpg 1 555 567 99 71
not_annotated\424554202_322907097412488_4156936194373999969_n.jpg 1 489 332 67 51
not_annotated\424566589_322907050745826_74133029639473004_n.jpg 1 536 475 73 63
